{
 "cells": [
  {
   "cell_type": "markdown",
   "metadata": {},
   "source": [
    "# Test korelasi\n",
    "\n",
    "### Tentukan apakah setiap kolom non-target berkorelasi dengan kolom target, dengan menggambarkan juga scatter plot nya. Gunakan correlation test."
   ]
  },
  {
   "cell_type": "code",
   "execution_count": 1,
   "metadata": {},
   "outputs": [
    {
     "data": {
      "text/html": [
       "<div>\n",
       "<style scoped>\n",
       "    .dataframe tbody tr th:only-of-type {\n",
       "        vertical-align: middle;\n",
       "    }\n",
       "\n",
       "    .dataframe tbody tr th {\n",
       "        vertical-align: top;\n",
       "    }\n",
       "\n",
       "    .dataframe thead th {\n",
       "        text-align: right;\n",
       "    }\n",
       "</style>\n",
       "<table border=\"1\" class=\"dataframe\">\n",
       "  <thead>\n",
       "    <tr style=\"text-align: right;\">\n",
       "      <th></th>\n",
       "      <th>pH</th>\n",
       "      <th>Hardness</th>\n",
       "      <th>Solids</th>\n",
       "      <th>Chloramines</th>\n",
       "      <th>Sulfate</th>\n",
       "      <th>Conductivity</th>\n",
       "      <th>OrganicCarbon</th>\n",
       "      <th>Trihalomethanes</th>\n",
       "      <th>Turbidity</th>\n",
       "      <th>Potability</th>\n",
       "    </tr>\n",
       "  </thead>\n",
       "  <tbody>\n",
       "    <tr>\n",
       "      <th>pH</th>\n",
       "      <td>1.000000</td>\n",
       "      <td>0.108959</td>\n",
       "      <td>-0.085582</td>\n",
       "      <td>-0.024767</td>\n",
       "      <td>0.011028</td>\n",
       "      <td>0.015089</td>\n",
       "      <td>0.028285</td>\n",
       "      <td>0.018302</td>\n",
       "      <td>-0.035416</td>\n",
       "      <td>0.015475</td>\n",
       "    </tr>\n",
       "    <tr>\n",
       "      <th>Hardness</th>\n",
       "      <td>0.108959</td>\n",
       "      <td>1.000000</td>\n",
       "      <td>-0.053282</td>\n",
       "      <td>-0.022684</td>\n",
       "      <td>-0.108509</td>\n",
       "      <td>0.011778</td>\n",
       "      <td>0.013219</td>\n",
       "      <td>-0.015400</td>\n",
       "      <td>-0.034813</td>\n",
       "      <td>-0.001463</td>\n",
       "    </tr>\n",
       "    <tr>\n",
       "      <th>Solids</th>\n",
       "      <td>-0.085582</td>\n",
       "      <td>-0.053282</td>\n",
       "      <td>1.000000</td>\n",
       "      <td>-0.051933</td>\n",
       "      <td>-0.164106</td>\n",
       "      <td>-0.007045</td>\n",
       "      <td>-0.005290</td>\n",
       "      <td>-0.015729</td>\n",
       "      <td>0.018569</td>\n",
       "      <td>0.038977</td>\n",
       "    </tr>\n",
       "    <tr>\n",
       "      <th>Chloramines</th>\n",
       "      <td>-0.024767</td>\n",
       "      <td>-0.022684</td>\n",
       "      <td>-0.051933</td>\n",
       "      <td>1.000000</td>\n",
       "      <td>0.006248</td>\n",
       "      <td>-0.028300</td>\n",
       "      <td>-0.023806</td>\n",
       "      <td>0.014990</td>\n",
       "      <td>0.013132</td>\n",
       "      <td>0.020779</td>\n",
       "    </tr>\n",
       "    <tr>\n",
       "      <th>Sulfate</th>\n",
       "      <td>0.011028</td>\n",
       "      <td>-0.108509</td>\n",
       "      <td>-0.164106</td>\n",
       "      <td>0.006248</td>\n",
       "      <td>1.000000</td>\n",
       "      <td>-0.016600</td>\n",
       "      <td>0.026823</td>\n",
       "      <td>-0.023355</td>\n",
       "      <td>-0.010129</td>\n",
       "      <td>-0.015703</td>\n",
       "    </tr>\n",
       "    <tr>\n",
       "      <th>Conductivity</th>\n",
       "      <td>0.015089</td>\n",
       "      <td>0.011778</td>\n",
       "      <td>-0.007045</td>\n",
       "      <td>-0.028300</td>\n",
       "      <td>-0.016600</td>\n",
       "      <td>1.000000</td>\n",
       "      <td>0.015739</td>\n",
       "      <td>0.004879</td>\n",
       "      <td>0.012133</td>\n",
       "      <td>-0.016257</td>\n",
       "    </tr>\n",
       "    <tr>\n",
       "      <th>OrganicCarbon</th>\n",
       "      <td>0.028285</td>\n",
       "      <td>0.013219</td>\n",
       "      <td>-0.005290</td>\n",
       "      <td>-0.023806</td>\n",
       "      <td>0.026823</td>\n",
       "      <td>0.015739</td>\n",
       "      <td>1.000000</td>\n",
       "      <td>-0.005666</td>\n",
       "      <td>-0.015388</td>\n",
       "      <td>-0.015488</td>\n",
       "    </tr>\n",
       "    <tr>\n",
       "      <th>Trihalomethanes</th>\n",
       "      <td>0.018302</td>\n",
       "      <td>-0.015400</td>\n",
       "      <td>-0.015729</td>\n",
       "      <td>0.014990</td>\n",
       "      <td>-0.023355</td>\n",
       "      <td>0.004879</td>\n",
       "      <td>-0.005666</td>\n",
       "      <td>1.000000</td>\n",
       "      <td>-0.020504</td>\n",
       "      <td>0.009237</td>\n",
       "    </tr>\n",
       "    <tr>\n",
       "      <th>Turbidity</th>\n",
       "      <td>-0.035416</td>\n",
       "      <td>-0.034813</td>\n",
       "      <td>0.018569</td>\n",
       "      <td>0.013132</td>\n",
       "      <td>-0.010129</td>\n",
       "      <td>0.012133</td>\n",
       "      <td>-0.015388</td>\n",
       "      <td>-0.020504</td>\n",
       "      <td>1.000000</td>\n",
       "      <td>0.022331</td>\n",
       "    </tr>\n",
       "    <tr>\n",
       "      <th>Potability</th>\n",
       "      <td>0.015475</td>\n",
       "      <td>-0.001463</td>\n",
       "      <td>0.038977</td>\n",
       "      <td>0.020779</td>\n",
       "      <td>-0.015703</td>\n",
       "      <td>-0.016257</td>\n",
       "      <td>-0.015488</td>\n",
       "      <td>0.009237</td>\n",
       "      <td>0.022331</td>\n",
       "      <td>1.000000</td>\n",
       "    </tr>\n",
       "  </tbody>\n",
       "</table>\n",
       "</div>"
      ],
      "text/plain": [
       "                       pH  Hardness    Solids  Chloramines   Sulfate  \\\n",
       "pH               1.000000  0.108959 -0.085582    -0.024767  0.011028   \n",
       "Hardness         0.108959  1.000000 -0.053282    -0.022684 -0.108509   \n",
       "Solids          -0.085582 -0.053282  1.000000    -0.051933 -0.164106   \n",
       "Chloramines     -0.024767 -0.022684 -0.051933     1.000000  0.006248   \n",
       "Sulfate          0.011028 -0.108509 -0.164106     0.006248  1.000000   \n",
       "Conductivity     0.015089  0.011778 -0.007045    -0.028300 -0.016600   \n",
       "OrganicCarbon    0.028285  0.013219 -0.005290    -0.023806  0.026823   \n",
       "Trihalomethanes  0.018302 -0.015400 -0.015729     0.014990 -0.023355   \n",
       "Turbidity       -0.035416 -0.034813  0.018569     0.013132 -0.010129   \n",
       "Potability       0.015475 -0.001463  0.038977     0.020779 -0.015703   \n",
       "\n",
       "                 Conductivity  OrganicCarbon  Trihalomethanes  Turbidity  \\\n",
       "pH                   0.015089       0.028285         0.018302  -0.035416   \n",
       "Hardness             0.011778       0.013219        -0.015400  -0.034813   \n",
       "Solids              -0.007045      -0.005290        -0.015729   0.018569   \n",
       "Chloramines         -0.028300      -0.023806         0.014990   0.013132   \n",
       "Sulfate             -0.016600       0.026823        -0.023355  -0.010129   \n",
       "Conductivity         1.000000       0.015739         0.004879   0.012133   \n",
       "OrganicCarbon        0.015739       1.000000        -0.005666  -0.015388   \n",
       "Trihalomethanes      0.004879      -0.005666         1.000000  -0.020504   \n",
       "Turbidity            0.012133      -0.015388        -0.020504   1.000000   \n",
       "Potability          -0.016257      -0.015488         0.009237   0.022331   \n",
       "\n",
       "                 Potability  \n",
       "pH                 0.015475  \n",
       "Hardness          -0.001463  \n",
       "Solids             0.038977  \n",
       "Chloramines        0.020779  \n",
       "Sulfate           -0.015703  \n",
       "Conductivity      -0.016257  \n",
       "OrganicCarbon     -0.015488  \n",
       "Trihalomethanes    0.009237  \n",
       "Turbidity          0.022331  \n",
       "Potability         1.000000  "
      ]
     },
     "execution_count": 1,
     "metadata": {},
     "output_type": "execute_result"
    }
   ],
   "source": [
    "import pandas as pd\n",
    "import matplotlib.pyplot as plt\n",
    "\n",
    "df = pd.read_csv('water_potability.csv', index_col=0)\n",
    "df.head()\n"
   ]
  },
  {
   "cell_type": "code",
   "execution_count": 2,
   "metadata": {},
   "outputs": [
    {
     "name": "stdout",
     "output_type": "stream",
     "text": [
      "0.01547509440843346\n",
      "-0.0014631528959479338\n",
      "0.03897657818173466\n",
      "0.020778921840524076\n",
      "-0.015703164419273802\n",
      "-0.01625712011137705\n",
      "-0.015488461910747266\n",
      "0.009236711064713014\n",
      "0.022331042640622658\n"
     ]
    }
   ],
   "source": [
    "col_numeric = [\n",
    "    'pH', \n",
    "    'Hardness', \n",
    "    'Solids', \n",
    "    'Chloramines', \n",
    "    'Sulfate', \n",
    "    'Conductivity', \n",
    "    'OrganicCarbon', \n",
    "    'Trihalomethanes', \n",
    "    'Turbidity'\n",
    "]\n",
    "\n",
    "df_potability = df['Potability']\n",
    "\n",
    "for i in col_numeric:\n",
    "    corr = df[i].corr(df_potability)\n",
    "    print(corr)"
   ]
  }
 ],
 "metadata": {
  "interpreter": {
   "hash": "d8627951ba713dfcaf3450e4a0931818db8890b5dc6d7316768a02fb81d8dd92"
  },
  "kernelspec": {
   "display_name": "Python 3.9.6 64-bit",
   "language": "python",
   "name": "python3"
  },
  "language_info": {
   "codemirror_mode": {
    "name": "ipython",
    "version": 3
   },
   "file_extension": ".py",
   "mimetype": "text/x-python",
   "name": "python",
   "nbconvert_exporter": "python",
   "pygments_lexer": "ipython3",
   "version": "3.9.6"
  },
  "orig_nbformat": 4
 },
 "nbformat": 4,
 "nbformat_minor": 2
}
